x1 = 500.02200096804256
x2 = -433.0190528383249
x3 = 866.0381056766498
x4 = 4.8074772256248556e-14
x5 = -250.01100048402128
x6 = -749.9889995159788
